      0   28.8   28.8   29.1   23.1   22.7  998.8
      2   28.9   28.9   29.2   23.2   22.7 1003.5
      4   29.0   29.1   29.3   23.2   22.7 1001.5
      5   29.2   29.3   29.5   23.2   22.7  998.8
      7   29.4   29.5   29.7   23.2   22.7 1006.6
      9   29.7   29.8   30.0   23.2   22.7  996.4
     10   30.0   30.3   30.4   23.2   22.7  995.6
     12   30.5   30.7   30.8   23.2   22.8  986.8
     14   31.0   31.3   31.4   23.2   22.8  996.8
     16   31.6   32.0   32.0   23.2   22.9  990.1
     17   32.3   32.9   32.8   23.3   22.9  989.4
     19   33.1   33.8   33.7   23.3   23.0  983.4
     21   34.0   34.8   34.7   23.3   23.1  996.9
     22   34.9   35.8   35.8   23.3   23.2  987.6
     24   36.0   37.1   37.1   23.3   23.3  989.9
     26   37.1   38.4   38.4   23.3   23.3  986.1
     28   38.3   39.7   39.8   23.3   23.4  990.5
     29   39.6   41.3   41.4   23.3   23.5  984.4
     31   41.0   42.9   43.1   23.4   23.7  994.2
     33   42.5   44.5   45.0   23.4   23.7  984.9
     34   44.0   46.3   46.9   23.4   23.9  993.2
     36   45.7   48.2   48.8   23.4   24.0  970.3
     38   47.4   50.1   50.8   23.5   24.1  986.0
     40   49.2   52.2   53.1   23.6   24.2  983.5
     41   51.0   54.2   55.2   23.6   24.3  955.6
     43   53.0   56.4   57.4   23.6   24.5  979.5
     45   54.9   58.6   59.8   23.7   24.6  129.1
     46   56.9   60.9   62.1   23.8   24.7   -5.5
     48   58.8   63.0   64.4   23.8   24.7    0.9
     50   60.5   65.1   66.5   23.9   24.7    0.3
     52   62.1   66.9   68.4   24.0   24.7   -0.6
     54   63.7   68.6   70.2   24.1   24.6   -2.2
     56   65.1   70.3   72.0   24.2   24.6  964.1
     58   66.5   71.8   73.6   24.3   24.6  983.3
     59   67.8   73.3   75.2   24.4   24.6  990.9
     61   69.3   74.9   76.8   24.5   24.7  981.8
     63   70.9   76.6   78.6   24.7   24.8  980.7
     64   72.5   78.3   80.4   24.8   24.9  948.6
     66   74.2   80.1   82.3   24.9   25.0  982.0
     68   76.0   82.0   84.2   25.1   25.1  985.5
     69   77.8   83.9   86.2   25.2   25.3  980.9
     71   79.7   85.8   88.3   25.4   25.4  980.4
     73   81.6   87.9   90.4   25.5   25.6  985.9
     75   83.5   89.9   92.4   25.7   25.7    2.1
     76   85.4   91.9   94.5   25.8   25.8    1.0
     78   87.1   93.8   96.4   26.0   25.8    0.8
     80   88.8   95.5   98.2   26.2   25.8   -2.8
     82   90.2   97.0   99.8   26.4   25.8   -9.6
     84   91.5   98.4  101.2   26.7   25.7   -0.7
     86   92.8   99.6  102.6   26.9   25.7  981.8
     87   93.9  100.8  103.8   27.1   25.7  996.4
     89   95.1  102.0  105.0   27.3   25.7  985.5
     91   96.3  103.2  106.4   27.5   25.8  962.0
     93   97.7  104.4  107.7   27.8   25.9  982.9
     94   99.0  105.8  109.1   28.0   26.0  992.0
     96  100.4  107.2  110.6   28.3   26.2  956.3
     98  102.0  108.7  112.2   28.5   26.3  980.3
     99  103.5  110.3  113.8   28.7   26.5  965.2
    101  105.2  111.9  115.6   28.9   26.6   22.1
    103  106.8  113.7  117.3   29.2   26.7   -0.5
    105  108.3  115.2  118.9   29.6   26.8   -0.6
    107  109.7  116.7  120.4   29.9   26.8    0.9
    109  110.9  117.9  121.7   30.2   26.8   -0.7
    110  112.0  119.1  122.8   30.5   26.8    0.7
    112  113.0  120.1  123.8   30.9   26.8   -0.5
    114  113.9  121.0  124.8   31.2   26.8   -2.8
    116  114.7  121.8  125.6   31.5   26.8  985.4
    118  115.5  122.6  126.4   31.8   26.8  993.7
    119  116.3  123.4  127.2   32.1   26.8  992.8
    121  117.2  124.3  128.1   32.4   26.9  989.5
    123  118.2  125.3  129.1   32.6   27.0  980.1
    125  119.2  126.3  130.2   32.9   27.1  963.5
    126  120.3  127.4  131.3   33.2   27.3  986.7
    128  121.5  128.7  132.5   33.5   27.5  979.3
    130  122.7  129.9  133.8   33.9   27.6   -7.8
    132  123.9  131.2  135.1   34.2   27.7   -9.0
    133  125.1  132.4  136.2   34.6   27.8   -0.7
    135  126.0  133.4  137.2   35.0   27.8   -0.9
    137  126.9  134.3  138.1   35.5   27.9   -9.4
    139  127.7  135.1  138.9   35.8   27.8   -8.2
    141  128.3  135.8  139.6   36.1   27.9   -2.2
    143  128.9  136.4  140.1   36.5   27.8   -5.2
    144  129.4  137.0  140.6   36.9   27.9  952.4
    146  129.9  137.4  141.0   37.3   27.8  952.3
    148  130.4  137.9  141.5   37.6   27.9  993.9
    150  131.0  138.4  142.1   37.9   28.0  982.7
    151  131.6  139.1  142.7   38.2   28.1  992.2
    153  132.4  139.8  143.4   38.5   28.1  992.9
    155  133.1  140.6  144.2   38.8   28.3  989.2
    156  134.0  141.5  145.0   39.1   28.5  987.7
    158  135.0  142.4  146.0   39.4   28.6    4.4
    160  135.9  143.4  147.0   39.8   28.7    0.4
    162  136.7  144.3  147.8   40.1   28.8    0.6
    164  137.5  145.0  148.5   40.4   28.8   -1.3
    166  138.1  145.7  149.2   40.7   28.8   -0.6
    167  138.6  146.2  149.6   41.1   28.9    0.8
    169  139.0  146.7  150.1   41.4   28.9   -1.9
    171  139.4  147.1  150.4   41.9   28.9   -0.2
    173  139.7  147.4  150.7   42.3   28.9    0.4
    175  140.0  147.6  151.0   42.7   28.9  998.2
    177  140.2  147.9  151.2   43.1   29.0  987.5
    178  140.6  148.2  151.4   43.4   29.1  985.3
    180  140.9  148.5  151.8   43.8   29.2  979.4
    182  141.4  149.0  152.3   44.1   29.3  977.8
    183  142.0  149.5  152.8   44.4   29.4  977.4
    185  142.6  150.1  153.5   44.8   29.5  983.9
    187  143.3  150.9  154.2   45.1   29.7   -8.0
    189  144.0  151.6  154.8   45.6   29.8   -6.0
    191  144.6  152.2  155.4   46.0   29.9  -14.7
    192  145.1  152.7  155.9   46.4   30.0   -1.0
    194  145.6  153.2  156.4   46.8   30.0   -1.0
    196  145.9  153.6  156.8   47.1   30.0   -1.0
    198  146.2  153.9  157.0   47.5   30.0    0.8
    200  146.5  154.1  157.3   47.7   30.1   -0.9
    202  146.6  154.3  157.4   48.0   30.0   -0.5
    203  146.8  154.4  157.5   48.2   30.1   -0.6
    205  146.9  154.4  157.5   48.5   30.1  983.1
    207  147.0  154.5  157.6   48.8   30.1  981.9
    209  147.2  154.6  157.7   49.0   30.2  978.9
    210  147.4  154.9  157.9   49.3   30.3  982.9
    212  147.8  155.2  158.2   49.5   30.4  960.2
    214  148.2  155.5  158.6   49.8   30.6  963.7
    216  148.7  156.1  159.1   50.1   30.7  976.8
    217  149.3  156.6  159.7   50.3   30.9   -3.8
    219  149.9  157.2  160.3   50.6   31.0   -2.8
    221  150.3  157.7  160.7   50.9   31.0    0.7
    223  150.7  158.1  161.1   51.2   31.0   -6.0
    225  151.1  158.4  161.4   51.5   31.1  -10.9
    227  151.3  158.7  161.6   51.8   31.1   -0.7
    228  151.5  158.9  161.8   52.1   31.1    0.5
    230  151.7  159.0  161.9   52.4   31.1   -1.9
    232  151.8  159.1  162.0   52.6   31.2   -5.5
    234  151.9  159.2  162.0   52.8   31.2   -0.7
    236  151.9  159.1  162.0   53.1   31.3  830.5
    238  151.9  159.1  161.9   53.3   31.3  949.0
    239  152.0  159.1  161.9   53.5   31.4  959.5
    241  152.1  159.2  162.0   53.7   31.5  948.4
    243  152.3  159.3  162.1   53.9   31.6  981.6
    244  152.6  159.6  162.4   54.1   31.7  983.6
    246  152.9  159.9  162.7   54.3   31.8  970.1
    248  153.3  160.3  163.1   54.4   31.9  -13.0
    250  153.8  160.7  163.6   54.6   32.1   -0.7
    251  154.2  161.1  163.9   54.8   32.2   -5.0
    253  154.5  161.4  164.2   55.1   32.2    0.8
    255  154.8  161.7  164.4   55.4   32.3   -1.9
    257  155.0  161.9  164.6   55.6   32.2   -1.2
    259  155.1  162.0  164.7   55.8   32.2   -1.0
    261  155.2  162.1  164.7   55.9   32.2   -0.8
    263  155.2  162.0  164.7   56.1   32.3   -0.7
    264  155.2  162.0  164.6   56.3   32.3   -0.7
    266  155.2  161.9  164.5   56.4   32.3    0.7
    268  155.1  161.8  164.3   56.5   32.4  968.3
    270  155.1  161.7  164.2   56.7   32.5  987.0
    272  155.1  161.6  164.1   56.8   32.5  980.5
    273  155.1  161.7  164.1   57.0   32.6  981.4
    275  155.3  161.8  164.2   57.2   32.7  982.3
    277  155.5  162.0  164.4   57.4   32.9  984.0
    278  155.8  162.2  164.6   57.6   33.0  953.3
    280  156.2  162.6  164.9   57.7   33.2   -6.9
    282  156.5  162.9  165.2   57.9   33.3   -2.4
    284  156.8  163.2  165.5   58.1   33.4   -2.3
    286  157.0  163.4  165.6   58.4   33.4   -0.9
    288  157.2  163.5  165.8   58.7   33.4    0.1
    289  157.4  163.7  165.9   57.2   33.5   -0.7
    291  157.4  163.8  165.9   55.4   33.5   -1.8
    293  157.4  163.8  165.9   50.1   33.5   -1.1
    295  157.4  163.8  165.7   48.8   33.6   -0.7
    297  157.3  163.7  165.6   48.4   33.7    0.8
    299  157.2  163.6  165.5   48.2   33.7   -1.9
    301  157.1  163.5  165.2   46.7   33.8  571.5
    303  157.0  163.3  165.0   44.7   33.7  989.0
    304  156.9  163.2  164.8   44.0   33.8  967.5
    306  156.9  163.2  164.8   44.7   33.8  981.0
    308  157.0  163.2  164.7   45.7   34.0  978.0
    309  157.1  163.4  164.8   45.0   34.1  978.9
    311  157.4  163.6  165.0   44.2   34.2  979.8
    313  157.7  163.8  165.2   44.1   34.3    0.4
    315  157.9  164.1  165.4   43.4   34.3   -1.8
    317  158.2  164.4  165.5   42.2   34.4    0.9
    318  158.4  164.6  165.7   42.3   34.3   -0.7
    320  158.5  164.8  165.8   41.9   34.4   -1.0
    322  158.6  164.9  165.9   43.7   34.4   -1.9
    324  158.7  164.9  165.9   45.2   34.5   -8.0
    326  158.7  164.9  165.9   43.4   34.5  -10.5
    328  158.7  164.9  165.8   42.0   34.6   -9.8
    329  158.7  164.9  165.7   41.4   34.6   -6.1
    331  158.7  164.8  165.5   43.3   34.6   -1.0
    333  158.6  164.7  165.3   46.1   34.7   -0.7
    335  158.5  164.5  165.1   48.5   34.7   46.6
    337  158.4  164.4  164.9   50.4   34.7  963.4
    339  158.3  164.2  164.8   51.8   34.8  979.1
    340  158.3  164.1  164.7   53.1   34.9  984.3
    342  158.3  164.1  164.6   54.3   35.0  940.9
    344  158.4  164.2  164.7   55.4   35.1  979.6
    345  158.7  164.4  164.9   56.4   35.2  983.5
    347  158.9  164.6  165.2   57.2   35.3   -2.1
    349  159.2  164.9  165.4   58.0   35.4  -10.2
    351  159.4  165.1  165.5   58.7   35.5   -0.6
    353  159.6  165.3  165.7   59.5   35.6    0.8
    355  159.8  165.4  165.8   60.1   35.6   -1.0
    356  159.9  165.6  165.9   60.7   35.6   -5.8
    358  159.9  165.6  165.9   61.3   35.7   -8.9
    360  160.0  165.6  165.9   61.9   35.7   -0.5
    362  160.0  165.6  165.9   62.2   35.8   -0.9
    364  159.9  165.5  165.8   62.6   35.8   -1.0
    366  159.9  165.4  165.7   62.9   35.8    0.8
    367  159.8  165.3  165.5   63.4   35.9   -5.2
    369  159.7  165.1  165.4   64.0   36.0   -0.2
    371  159.6  164.9  165.2   63.2   36.0  973.2
    373  159.5  164.7  164.9   58.3   36.1  990.8
    375  159.4  164.5  164.8   58.8   36.1  971.4
    376  159.4  164.4  164.7   59.3   36.2  954.0
    378  159.4  164.4  164.7   60.5   36.3  984.0
    380  159.6  164.4  164.8   60.1   36.4  967.6
    381  159.8  164.6  164.9   56.0   36.5   16.5
    383  160.0  164.8  165.1   55.1   36.6   -0.2
    385  160.3  165.0  165.2   54.1   36.7    0.4
    387  160.4  165.2  165.4   53.8   36.7    0.6
    389  160.5  165.3  165.4   52.5   36.8   -0.3
    391  160.7  165.4  165.4   53.8   36.9   -0.8
    393  160.7  165.4  165.4   54.9   36.9   -0.7
    394  160.8  165.5  165.4   53.9   36.9   -0.7
    396  160.8  165.4  165.3   53.3   37.0   -0.2
    398  160.7  165.4  165.2   50.8   37.1   -0.9
    400  160.7  165.3  165.1   50.1   37.1   -2.4
    402  160.6  165.2  164.9   52.5   37.1   -0.4
    404  160.5  165.0  164.7   54.7   37.2   -0.8
    406  160.4  164.8  164.5   56.8   37.2   -0.2
    407  160.3  164.6  164.2   58.5   37.3  938.4
    409  160.2  164.4  164.0   59.9   37.3  977.5
    411  160.1  164.2  163.8   61.2   37.3  987.1
    413  160.1  164.1  163.7   62.3   37.4  985.0
    414  160.1  164.1  163.7   63.2   37.5  961.7
    416  160.2  164.1  163.7   64.0   37.5  987.2
    418  160.3  164.3  163.8   64.8   37.7  251.4
    420  160.6  164.5  164.0   65.5   37.8    0.5
    421  160.8  164.7  164.2   66.2   37.9    1.0
    423  160.9  164.8  164.3   66.8   37.9   -0.9
    425  161.1  165.0  164.4   67.3   38.0   -0.9
    427  161.2  165.1  164.5   67.7   38.0   -0.9
    429  161.2  165.2  164.5   68.1   38.0   -8.0
    431  161.3  165.2  164.5   68.5   38.1   -0.9
    433  161.3  165.2  164.5   68.8   38.1   -0.7
    434  161.3  165.1  164.4   69.1   38.1    0.8
    436  161.2  165.1  164.3   69.5   38.2   -1.0
    438  161.2  165.0  164.2   69.7   38.2   -0.9
    440  161.1  164.8  164.0   69.8   38.2   -0.6
    442  161.0  164.7  163.9   70.1   38.3    0.1
    444  160.9  164.5  163.6   70.3   38.4   -9.8
    446  160.7  164.3  163.4   70.4   38.3  517.6
    447  160.6  164.1  163.2   70.5   38.3  954.5
    449  160.5  164.0  163.0   70.7   38.3  993.5
    451  160.4  163.9  162.9   70.8   38.4  982.7
    453  160.4  163.8  162.8   70.9   38.5  985.7
    454  160.5  163.8  162.9   70.9   38.6  973.7
    456  160.7  163.9  163.0   71.1   38.7   22.1
    458  160.8  164.1  163.0   71.1   38.9    0.4
    460  161.0  164.2  162.9   71.2   38.9   -8.3
    461  161.1  164.3  162.7   71.4   38.9   -0.9
    463  161.2  164.4  162.5   71.4   38.9   -0.6
    465  161.2  164.6  162.3   71.6   39.0    0.8
    467  161.3  164.6  162.2   71.8   39.1   -0.7
    469  161.3  164.6  162.0   71.9   39.1   -9.4
    471  161.3  164.7  161.9   72.2   39.1   -0.2
    473  161.3  164.6  161.7   72.3   39.2   -0.7
    474  161.2  164.6  161.5   72.5   39.2   -2.7
    476  161.2  164.5  161.3   72.6   39.3   -1.9
    478  161.1  164.3  161.1   72.6   39.3    0.8
    480  161.0  164.2  161.0   72.7   39.4  -11.0
    482  160.8  164.0  160.8   72.9   39.4   -0.1
    484  160.7  163.9  160.5   73.1   39.4   -9.5
    486  160.5  163.6  160.3   73.1   39.4  993.2
    487  160.4  163.5  160.1   73.1   39.5  985.6
    489  160.3  163.3  160.0   73.2   39.5  993.6
    491  160.3  163.3  159.9   73.2   39.6  971.3
    492  160.4  163.3  160.0   73.3   39.7  987.8
    494  160.5  163.3  160.1   73.5   39.8  991.8
    496  160.6  163.5  160.2   73.6   39.9   -5.2
    498  160.8  163.7  160.4   73.7   40.0    0.9
    500  160.9  163.8  160.5   73.6   40.0   -0.9
    501  161.0  163.9  160.7   73.8   40.1    0.6
    503  161.1  164.0  160.8   73.9   40.1   -0.9
    505  161.2  164.1  160.9   73.9   40.1   -0.8
    507  161.2  164.1  161.0   73.8   40.1   -7.0
    509  161.2  164.1  161.1   73.8   40.1   -1.0
    511  161.2  164.0  161.1   73.9   40.1   -8.0
    512  161.2  164.0  161.1   74.0   40.2   -0.9
    514  161.1  163.9  161.1   74.1   40.2   -7.5
    516  161.1  163.8  161.1   74.2   40.2   -0.9
    518  161.0  163.7  161.0   74.2   40.2    0.6
    520  160.8  163.5  160.9   74.4   40.3    0.1
    522  160.7  163.3  160.7   74.5   40.3   -0.7
    524  160.6  163.1  160.6   74.6   40.4   -8.1
    525  160.4  162.9  160.4   74.5   40.4 1000.8
    527  160.3  162.7  160.3   74.6   40.4  991.5
    529  160.2  162.6  160.2   74.8   40.5  992.3
    531  160.2  162.5  160.1   74.7   40.6  994.6
    532  160.2  162.5  160.2   74.7   40.6  988.6
    534  160.3  162.5  160.3   74.9   40.8  981.1
    536  160.4  162.7  160.5   74.9   40.9   -1.9
    538  160.6  162.8  160.7   75.0   41.0    0.2
    539  160.7  163.0  160.8   75.0   41.0   -0.7
    541  160.8  163.1  161.0   75.0   41.0    0.6
    543  160.9  163.2  161.1   75.3   41.1   -0.1
    545  160.9  163.2  161.2   75.4   41.1   -0.9
    547  160.9  163.2  161.3   75.5   41.1   -5.1
    549  160.9  163.2  161.3   75.4   41.1    0.8
    551  160.9  163.2  161.4   75.3   41.1   -1.0
    552  160.9  163.1  161.4   75.2   41.1   -1.3
    554  160.8  163.1  161.4   75.2   41.2   -0.9
    556  160.7  162.9  161.3   75.3   41.2   -0.8
    558  160.7  162.8  161.2   75.3   41.2    0.2
    560  160.5  162.6  161.1   75.0   41.2   -6.6
    562  160.4  162.4  160.9   74.8   41.2    0.8
    564  160.2  162.2  160.8   74.7   41.2    0.6
    565  160.0  162.0  160.6   74.7   41.3  979.2
    567  159.9  161.8  160.4   74.7   41.2  983.0
    569  159.7  161.7  160.2   74.6   41.3  973.1
    571  159.7  161.6  160.1   74.7   41.3  976.1
    572  159.7  161.6  160.1   74.6   41.4  991.0
    574  159.8  161.6  160.2   74.6   41.5  977.9
    576  159.9  161.7  160.4   74.8   41.6   -7.4
    578  160.0  161.8  160.5   74.7   41.6   -0.8
    579  160.1  161.9  160.6   74.6   41.7   -2.6
    581  160.2  162.0  160.7   74.4   41.7   -0.2
    583  160.2  162.1  160.8   74.4   41.7   -1.6
    585  160.2  162.1  160.9   74.2   41.6   -1.7
    587  160.2  162.2  160.9   74.2   41.6   -8.7
    589  160.2  162.2  161.0   74.1   41.5   -5.7
    591  160.2  162.1  161.0   74.0   41.5   -6.9
    592  160.1  162.1  160.9   73.9   41.6    0.8
    594  160.1  162.0  160.9   73.9   41.6   -0.3
    596  160.0  161.9  160.8   73.8   41.7   -1.8
    598  159.9  161.8  160.7   73.8   41.7   -0.7
    600  159.8  161.7  160.6   74.0   41.8    0.2
 

      0   19.6   19.7   24.9   29.6   27.2  975.8
      2   19.6   19.7   24.8   29.6   27.0  998.1
      4   19.6   19.7   24.8   29.6   26.8 1018.7
      5   19.6   19.7   24.8   29.6   26.7 1008.8
      7   19.6   19.7   24.8   29.5   26.7  990.3
      9   19.6   19.7   24.8   29.5   26.6 1006.9
     10   19.6   19.7   24.8   29.5   26.5 1011.9
     12   19.6   19.7   24.8   29.5   26.5  986.0
     14   19.6   19.7   24.8   29.6   26.4  982.0
     16   19.6   19.7   24.8   29.6   26.4  996.9
     17   19.6   19.7   24.7   29.7   26.4  994.8
     19   19.6   19.7   24.7   29.7   26.4  992.3
     21   19.6   19.7   24.7   29.8   26.4  993.8
     22   19.6   19.7   24.7   29.9   26.4  999.0
     24   19.6   19.7   24.7   30.1   26.4  962.0
     26   19.6   19.7   24.7   30.2   26.4  988.1
     28   19.6   19.7   24.7   30.4   26.4  970.2
     29   19.6   19.7   24.7   30.6   26.4  978.3
     31   19.6   19.7   24.7   30.9   26.4  987.8
     33   19.6   19.7   24.7   31.1   26.4  987.2
     34   19.6   19.7   24.6   31.4   26.4  996.5
     36   19.6   19.7   24.7   31.7   26.4  987.8
     38   19.6   19.7   24.6   32.0   26.5  974.6
     39   19.6   19.7   24.6   32.3   26.5  985.8
     41   19.6   19.7   24.6   32.7   26.5  977.8
     43   19.6   19.7   24.7   33.1   26.6  984.6
     45   19.6   19.7   24.7   33.6   26.6  994.9
     46   19.6   19.7   24.7   34.0   26.7  988.0
     48   19.6   19.7   24.7   34.5   26.7  993.5
     50   19.6   19.7   24.7   35.0   26.8  987.8
     51   19.6   19.7   24.8   35.5   26.9  983.3
     53   19.6   19.7   24.8   36.0   27.0  984.7
     55   19.6   19.8   24.9   36.6   27.0  987.1
     57   19.7   19.8   24.9   37.1   27.1  983.3
     58   19.7   19.8   25.0   37.7   27.3  993.9
     60   19.8   19.9   25.0   38.3   27.4  958.4
     62   19.7   19.8   25.1   38.9   27.4  983.2
     63   19.8   19.9   25.2   39.6   27.6  986.2
     65   19.8   19.9   25.2   40.2   27.7  948.6
     67   19.8   20.0   25.3   40.9   27.9  986.6
     69   19.9   20.0   25.4   41.5   28.0  966.2
     70   19.9   20.1   25.6   42.2   28.2  983.6
     72   19.9   20.1   25.7   42.9   28.3  971.1
     74   19.9   20.2   25.8   43.5   28.5  988.7
     75   20.0   20.2   26.0   44.2   28.7  974.2
     77   20.2   20.3   26.1   44.9   28.9  984.7
     79   20.7   20.3   26.2   45.6   29.0  981.7
     80   20.9   20.4   26.4   46.3   29.2  992.2
     82   20.8   20.4   26.6   47.0   29.5  984.2
     84   20.7   20.5   26.8   47.7   29.6  983.8
     86   20.6   20.5   27.0   48.4   29.9  983.0
     87   20.5   20.6   27.2   49.1   30.1  974.6
     89   20.9   20.7   27.4   49.9   30.3  983.4
     91   21.0   20.8   27.7   50.6   30.5  983.9
     92   20.9   20.9   27.9   51.3   30.7  990.9
     94   20.8   21.0   28.2   52.0   31.0  991.7
     96   20.8   21.1   28.5   52.8   31.2  989.8
     98   20.8   21.2   28.8   53.5   31.4  984.2
     99   20.8   21.3   29.1   54.2   31.7  973.0
    101   20.8   21.4   29.4   54.9   31.9  992.6
    103   20.8   21.4   29.7   55.6   32.2  982.9
    104   20.9   21.5   30.0   56.3   32.4  983.2
    106   21.0   21.6   30.3   56.9   32.7  967.2
    108   21.0   21.7   30.6   57.6   32.9  974.5
    110   21.1   21.8   31.0   58.3   33.2  979.3
    111   21.4   21.9   31.3   58.9   33.4  981.5
    113   21.7   22.0   31.6   59.6   33.7  982.0
    115   21.7   22.1   32.0   60.3   34.0  986.7
    116   21.6   22.3   32.4   60.9   34.3  984.3
    118   21.6   22.4   32.7   61.6   34.5  982.1
    120   21.6   22.5   33.1   62.2   34.8  989.4
    121   21.7   22.6   33.5   62.8   35.1  979.3
    123   21.8   22.7   33.9   63.4   35.4  983.8
    125   21.9   22.8   34.3   64.0   35.7  981.0
    127   22.0   22.9   34.7   64.6   35.9  980.0
    128   22.0   23.1   35.1   65.2   36.2  962.6
    130   22.0   23.2   35.5   65.8   36.5   40.4
    132   22.0   23.3   35.9   66.3   36.8   -0.3
    134   22.1   23.5   36.3   66.8   37.1    1.0
    136   22.2   23.6   36.8   67.0   37.4   -0.9
    137   22.3   23.7   37.3   67.2   37.7    0.4
    139   22.4   23.8   37.8   67.2   38.0  953.7
    141   22.5   24.0   38.3   67.3   38.3  982.6
    143   22.6   24.1   38.8   67.3   38.6  992.5
    144   22.7   24.3   39.2   67.5   38.8  955.3
    146   22.7   24.4   39.6   67.7   39.1  990.1
    148   22.8   24.6   40.1   67.9   39.4  978.3
    150   22.9   24.8   40.6   68.2   39.6  955.9
    151   23.0   24.9   41.1   68.5   39.9  984.4
    153   23.1   25.0   41.5   68.7   40.1  955.8
    155   23.2   25.1   41.9   69.0   40.3  983.1
    156   23.3   25.3   42.3   69.3   40.6  985.0
    158   23.4   25.4   42.8   69.6   40.8  992.1
    160   23.5   25.6   43.3   69.9   41.1  982.4
    161   23.5   25.7   43.6   70.1   41.3  975.7
    163   23.6   25.9   44.1   70.3   41.6  975.3
    165   23.6   26.0   44.6   70.6   41.9  974.9
    167   23.7   26.2   45.1   70.8   42.2  983.0
    168   23.7   26.4   45.5   70.9   42.4  981.7
    170   23.8   26.5   46.0   71.0   42.7  971.0
    172   23.8   26.7   46.5   71.0   42.9  969.8
    173   23.9   26.8   46.9   70.9   43.2  -11.9
    175   24.0   27.0   47.4   70.6   43.4   -0.2
    177   24.0   27.2   47.9   70.2   43.6   -7.0
    179   24.1   27.3   48.3   69.7   43.9   -0.8
    181   24.4   27.5   48.8   69.1   44.2   -0.7
    183   24.7   27.7   49.3   68.4   44.5   -2.4
    185   24.8   27.9   49.9   67.8   44.8  991.8
    186   24.8   28.1   50.4   67.3   45.0  990.0
    188   24.9   28.2   50.9   66.8   45.3  947.2
    190   24.9   28.4   51.3   66.2   45.5  992.0
    191   25.0   28.6   51.8   65.7   45.7  984.3
    193   25.1   28.7   52.2   65.1   45.9  983.0
    195   25.2   28.9   52.7   64.7   46.2  954.1
    196   25.4   29.1   53.2   64.2   46.4  957.5
    198   25.5   29.3   53.5   63.8   46.6  962.9
    200   25.6   29.5   53.8   63.5   46.8  958.1
    202   25.6   29.6   54.1   63.1   47.0  977.1
    203   25.7   29.8   54.6   62.8   47.2  968.5
    205   25.8   30.0   55.0   62.5   47.4  977.7
    207   25.9   30.1   55.4   62.3   47.6  979.6
    208   26.0   30.3   55.8   62.0   47.8  981.1
    210   26.1   30.5   56.2   61.7   48.0   33.9
    212   26.2   30.7   56.6   61.5   48.2   -0.0
    214   26.4   30.9   57.1   61.2   48.4   -0.9
    216   26.5   31.1   57.5   60.9   48.6   -0.0
    218   26.6   31.3   58.0   60.7   48.8   -1.0
    219   26.8   31.5   58.4   60.4   49.0   -0.8
    221   26.9   31.7   58.7   60.1   49.3   -2.9
    223   27.1   31.9   59.2   59.9   49.5  961.2
    225   27.2   32.1   59.6   59.7   49.6  979.8
    227   27.4   32.3   60.0   59.4   49.8  989.1
    228   27.5   32.5   60.4   59.2   50.0  975.3
    230   27.6   32.6   60.8   59.1   50.2  989.0
    232   27.7   32.8   61.2   58.9   50.4  980.4
    233   27.9   33.0   61.7   58.9   50.6  982.0
    235   28.0   33.2   62.1   58.8   50.8  956.0
    237   28.2   33.4   62.5   58.8   51.0  985.5
    238   28.3   33.6   62.9   58.9   51.2  988.2
    240   28.4   33.7   63.3   58.8   51.4  979.7
    242   28.5   33.9   63.7   58.8   51.6  979.1
    244   28.7   34.0   64.0   58.7   51.8  987.1
    245   28.8   34.2   64.4   58.8   51.9   32.1
    247   28.9   34.4   64.8   58.8   52.1   -0.4
    249   29.0   34.7   65.2   58.8   52.3   -1.0
    251   29.1   34.9   65.5   58.8   52.5   -7.4
    253   29.3   35.0   65.9   58.9   52.7    0.8
    255   29.5   35.2   66.2   58.8   52.9   -0.9
    256   29.6   35.4   66.5   58.7   53.0   -5.0
    258   29.8   35.6   66.9   58.6   53.2  977.8
    260   29.9   35.8   67.2   58.6   53.4  980.4
    262   30.0   36.0   67.5   58.6   53.5  957.6
    263   30.1   36.1   67.7   58.6   53.7  979.5
    265   30.2   36.3   67.9   58.6   53.8  987.0
    267   30.4   36.5   68.2   58.6   54.0  978.5
    268   30.5   36.6   68.6   58.7   54.1  974.8
    270   30.7   36.8   69.0   58.7   54.2  977.1
    272   30.8   37.0   69.2   58.8   54.3  976.9
    274   30.9   37.2   69.5   58.9   54.5  981.7
    275   31.1   37.3   69.7   59.0   54.7  986.0
    277   31.2   37.5   70.0   59.1   54.8  958.9
    279   31.3   37.6   70.4   59.2   54.9   -6.5
    281   31.4   37.8   70.7   59.3   55.1    0.9
    282   31.6   38.0   71.0   59.4   55.2    0.7
    284   31.7   38.2   71.3   59.6   55.4   -0.0
    286   31.9   38.4   71.5   59.7   55.5   -2.6
    288   32.0   38.6   71.8   59.8   55.6   -1.3
    290   32.1   38.8   71.9   59.9   55.8    0.1
    292   32.3   39.0   72.2   59.9   55.9 1001.8
    293   32.4   39.1   72.4   59.9   56.1  989.1
    295   32.5   39.2   72.6   60.0   56.2  962.1
    297   32.7   39.4   72.8   60.1   56.3  984.9
    299   32.9   39.6   72.9   60.1   56.4  978.4
    300   33.0   39.8   73.2   60.2   56.5  983.4
    302   33.1   39.9   73.4   60.4   56.6  979.3
    304   33.3   40.1   73.7   60.4   56.8  968.5
    305   33.4   40.2   74.0   60.5   56.9  979.1
    307   33.5   40.4   74.1   60.6   57.0  975.9
    309   33.6   40.5   74.3   60.8   57.1  981.7
    311   33.7   40.7   74.6   60.9   57.2  -15.6
    312   33.9   40.9   75.0   61.1   57.3   -1.9
    314   34.0   41.1   75.4   61.1   57.4   -7.2
    316   34.2   41.2   75.7   61.2   57.6   -1.0
    318   34.3   41.4   76.0   61.3   57.7   -5.9
    320   34.5   41.5   76.3   61.3   57.8   -0.7
    322   34.6   41.7   76.6   61.5   57.9   -0.9
    324   34.8   41.9   76.9   61.5   58.0   -0.7
    325   34.9   42.1   77.1   61.5   58.1  986.8
    327   35.1   42.2   77.4   61.5   58.2  988.6
    329   35.2   42.4   77.7   61.6   58.3  975.2
    330   35.3   42.5   78.0   61.6   58.4  986.8
    332   35.4   42.6   78.3   61.7   58.5  981.7
    334   35.5   42.7   78.4   61.8   58.6  983.9
    336   35.6   42.9   78.5   61.8   58.6  988.1
    337   35.7   43.0   78.6   62.0   58.7  987.9
    339   35.8   43.2   78.5   62.1   58.8  981.6
    341   35.9   43.3   78.4   62.2   58.9  978.4
    342   36.0   43.5   78.2   62.3   59.0   44.4
    344   36.2   43.7   78.3   62.5   59.1  -12.8
    346   36.3   43.8   78.5   62.6   59.1   -2.7
    348   36.5   44.0   78.8   62.8   59.3   -6.1
    350   36.6   44.2   79.1   62.9   59.3   -0.7
    352   36.8   44.3   79.2   63.0   59.4   -0.7
    354   36.9   44.5   79.4   63.1   59.4   -2.3
    355   37.0   44.6   79.6   63.1   59.6   -1.0
    357   37.2   44.8   79.7   63.1   59.7  964.0
    359   37.4   45.0   79.7   63.1   59.8  980.4
    361   37.5   45.1   79.7   63.2   59.9  956.8
    362   37.6   45.2   79.7   63.1   60.0  990.0
    364   37.8   45.4   79.9   63.2   60.1  981.8
    366   37.9   45.5   80.1   63.3   60.1  979.3
    368   38.0   45.6   80.2   63.5   60.2  985.6
    369   38.1   45.8   80.3   63.6   60.3  974.3
    371   38.2   45.9   80.5   63.5   60.4  962.1
    373   38.4   46.0   80.4   63.5   60.5  987.8
    374   38.5   46.1   80.4   63.6   60.6  989.6
    376   38.6   46.3   80.6   63.7   60.7   -7.7
    378   38.6   46.5   80.7   63.9   60.7   -1.3
    380   38.8   46.6   80.7   64.0   60.8   -0.7
    382   38.9   46.7   80.9   64.2   60.9   -1.7
    384   39.1   46.9   81.1   64.2   60.9   -0.8
    385   39.2   47.0   81.3   64.3   61.0   -9.0
    387   39.4   47.2   81.2   64.4   61.1    0.2
    389   39.5   47.3   81.3   64.4   61.2    0.3
    391   39.6   47.5   81.3   64.5   61.3  942.9
    393   39.8   47.6   81.4   64.5   61.3  989.6
    394   39.9   47.7   81.5   64.5   61.4  981.3
    396   40.1   47.8   81.6   64.6   61.5  989.7
    398   40.2   48.0   81.7   64.6   61.6  973.5
    399   40.2   48.1   81.9   64.7   61.6  989.4
    401   40.3   48.2   82.0   64.8   61.7  980.0
    403   40.5   48.3   82.1   64.9   61.8  979.4
    405   40.6   48.5   82.3   65.0   61.9  988.3
    406   40.7   48.6   82.6   65.0   61.9  978.8
    408   40.8   48.7   82.8   65.1   62.0  -16.5
    410   40.9   48.9   82.9   65.3   62.1    0.5
    412   41.1   49.0   83.2   65.3   62.2   -1.2
    414   41.2   49.1   83.3   65.5   62.3   -5.8
    415   41.4   49.3   83.4   65.6   62.4   -1.0
    417   41.5   49.4   83.6   65.7   62.5   -0.1
    419   41.7   49.5   83.7   65.8   62.5   -6.8
    421   41.8   49.6   83.5   65.9   62.6    0.7
    423   41.9   49.8   83.4   66.0   62.6   -1.0
    425   42.0   49.9   83.5   66.0   62.7  944.0
    426   42.1   50.0   83.5   66.0   62.7  956.9
    428   42.2   50.2   83.5   66.1   62.8  986.9
    430   42.4   50.3   83.3   66.2   62.9  985.2
    432   42.5   50.4   83.4   66.3   62.9  977.7
    433   42.7   50.5   83.6   66.3   62.9  974.9
    435   42.8   50.6   83.7   66.4   63.1  987.1
    437   42.9   50.7   83.9   66.4   63.1  972.5
    438   43.0   50.8   84.1   66.4   63.2  984.1
    440   43.1   50.9   84.0   66.5   63.2  979.8
    442   43.2   51.0   84.1   66.6   63.3   -6.0
    444   43.4   51.2   84.2   66.8   63.3   -2.3
    445   43.5   51.3   84.2   66.9   63.3   -0.1
    447   43.6   51.4   84.0   67.0   63.4   -5.7
    449   43.8   51.5   84.0   67.1   63.5   -1.0
    451   43.9   51.7   84.0   67.2   63.6    0.1
    453   44.1   51.8   84.0   67.2   63.6   -1.8
    455   44.2   51.9   83.9   67.2   63.7   -0.6
    457   44.3   52.0   83.8   67.2   63.8   -0.6
    458   44.4   52.2   83.7   67.3   63.8  985.5
    460   44.5   52.3   83.8   67.3   63.9  991.9
    462   44.6   52.4   84.0   67.2   63.9  972.7
    464   44.7   52.5   84.3   67.3   64.0  969.9
    465   44.8   52.6   84.5   67.3   64.0  979.1
    467   45.0   52.7   84.8   67.4   64.0  980.9
    469   45.1   52.8   85.0   67.5   64.1  980.7
    470   45.2   52.9   85.2   67.6   64.1  980.7
    472   45.3   53.0   85.4   67.7   64.2  966.1
    474   45.4   53.1   85.4   67.8   64.3    0.8
    476   45.6   53.3   85.4   67.9   64.3   -5.1
    478   45.7   53.4   85.4   68.0   64.3   -1.0
    479   45.8   53.5   85.2   68.0   64.3    0.3
    481   46.0   53.6   85.4   68.1   64.4    0.8
    483   46.1   53.7   85.5   68.1   64.4    0.3
    485   46.3   53.8   85.5   68.2   64.5   -1.0
    487   46.4   54.0   85.5   68.3   64.5    0.8
    489   46.5   54.1   85.5   68.3   64.6    0.6
    491   46.7   54.2   85.6   68.3   64.6  989.0
    492   46.8   54.3   85.9   68.3   64.7  970.6
    494   46.9   54.4   86.0   68.3   64.7  987.7
    496   47.0   54.5   86.0   68.3   64.7  977.7
    497   47.0   54.6   86.1   68.3   64.8  968.1
    499   47.1   54.7   86.1   68.4   64.9  982.4
    501   47.3   54.8   86.1   68.3   64.9  982.2
    503   47.4   54.8   86.4   68.3   64.9  978.4
    504   47.5   55.0   86.4   68.4   64.9  973.0
    506   47.6   55.0   86.5   68.5   65.0    2.4
    508   47.8   55.2   86.6   68.6   65.0    1.0
    510   47.9   55.3   86.7   68.8   65.0   -2.5
    512   48.0   55.4   86.8   68.9   65.1    0.8
    513   48.2   55.5   86.9   68.9   65.1  -12.7
    515   48.3   55.6   87.0   69.0   65.2   -5.1
    517   48.4   55.7   87.1   69.0   65.3   -0.1
    519   48.5   55.8   87.0   69.0   65.3   -1.0
    521   48.6   55.9   86.9   69.1   65.3   -6.3
    523   48.8   56.0   87.0   69.1   65.4  977.2
    524   48.9   56.1   87.1   69.2   65.4  973.3
    526   49.0   56.2   87.2   69.2   65.5  987.6
    528   49.1   56.3   87.4   69.2   65.5  984.3
    529   49.2   56.4   87.6   69.2   65.5  980.2
    531   49.3   56.5   87.7   69.3   65.6  989.1
    533   49.4   56.6   87.6   69.3   65.6  968.1
    535   49.5   56.7   87.7   69.4   65.6  979.6
    536   49.6   56.8   87.5   69.5   65.7  988.5
    538   49.8   56.9   87.4   69.6   65.7    4.7
    540   49.9   57.0   87.1   69.7   65.7   -2.7
    542   50.0   57.1   86.6   69.9   65.7   -9.9
    544   50.1   57.2   86.6   69.9   65.8   -0.7
    545   50.2   57.3   86.7   70.0   65.8   -8.0
    547   50.3   57.4   86.6   70.1   65.8   -0.9
    549   50.4   57.5   86.6   70.1   65.8   -2.4
    551   50.6   57.6   86.6   70.2   65.9   -0.5
    553   50.7   57.7   86.5   70.2   65.9    0.8
    555   50.8   57.8   86.4   70.2   65.9  963.4
    556   51.0   57.9   86.3   70.2   66.0  957.4
    558   51.1   58.0   86.4   70.2   66.0  975.7
    560   51.2   58.1   86.5   70.2   66.1  961.2
    562   51.3   58.2   86.7   70.3   66.1  982.6
    563   51.4   58.3   87.0   70.3   66.1  985.2
    565   51.5   58.3   87.0   70.4   66.1  989.2
    567   51.6   58.4   86.8   70.4   66.1  987.1
    568   51.7   58.5   86.6   70.5   66.2  966.7
    570   51.7   58.6   86.5   70.5   66.2    0.1
    572   51.9   58.7   86.4   70.5   66.2   -0.4
    574   52.0   58.8   86.4   70.6   66.2   -1.0
    576   52.1   58.9   86.2   70.6   66.2   -2.3
    578   52.2   59.0   86.2   70.6   66.2   -0.2
    579   52.3   59.1   86.3   70.6   66.3   -2.0
    581   52.4   59.2   86.4   70.6   66.3   -0.9
    583   52.6   59.3   86.6   70.5   66.3   -2.4
    585   52.7   59.4   86.7   70.5   66.4   -0.2
    587   52.8   59.4   86.5   70.5   66.4  964.8
    589   52.9   59.5   86.5   70.5   66.4  983.5
    590   53.0   59.6   86.7   70.4   66.5  992.1
    592   53.2   59.7   86.9   70.2   66.5  995.3
    594   53.3   59.8   87.2   70.3   66.5  992.3
    595   53.3   59.9   87.1   70.3   66.4  989.5
    597   53.5   60.0   87.1   70.3   66.3  984.6
    599   53.6   60.0   87.3   70.2   66.2  975.9